255 
121 134 
54 67 67 
23 31 36 31 
10 13 18 18 13 
5 5 8 10 8 5 
3 2 3 5 5 3 2 
2 1 1 2 3 2 1 1 
2 0 1 0 2 1 1 0 1 
256 
128 128 
64 64 64 
32 32 32 32 
16 16 16 16 16 
8 8 8 8 8 8 
4 4 4 4 4 4 4 
2 2 2 2 2 2 2 2 
1 1 1 1 1 1 1 1 1 
512 
512 0 
512 0 0 
512 0 0 0 
512 0 0 0 0 
512 0 0 0 0 0 
512 0 0 0 0 0 0 
512 0 0 0 0 0 0 0 
512 0 0 0 0 0 0 0 0 
6561 
2187 4374 
729 1458 2916 
243 486 972 1944 
81 162 324 648 1296 
27 54 108 216 432 864 
9 18 36 72 144 288 576 
3 6 12 24 48 96 192 384 
1 2 4 8 16 32 64 128 256 
2274 
1137 1137 
525 612 525 
219 306 306 219 
81 138 168 138 81 
27 54 84 84 54 27 
9 18 36 48 36 18 9 
3 6 12 24 24 12 6 3 
1 2 4 8 16 8 4 2 1 
678 
339 339 
195 144 195 
123 72 72 123 
81 42 30 42 81 
54 27 15 15 27 54 
36 18 9 6 9 18 36 
24 12 6 3 3 6 12 24 
16 8 4 2 1 2 4 8 16 
