99 99 99 99 99 98
99 99 99 99 98 98
99 99 99 99 1 98
99 98 99 99 1 98
99 99 99 100 1 99
99 101 99 99 1 101
1 97 39 99 39 99
1 95 69 99 69 99
1 93 79 99 79 99
1 89 91 99 91 99
1 87 85 99 85 99
1 83 81 99 81 99
1 81 55 99 55 99
1 1 1 1 1 1 
99 99 99 99 99 99
99 1 99 1 99 1
1 99 1 99 1 99
1 0 7 1 20 0
1 0 7 2 20 0
1 0 7 3 20 0
1 0 7 4 20 0
1 0 7 5 20 0
1 0 7 6 20 0
1 0 7 7 20 0
1 0 7 8 20 0
1 0 7 9 20 0
1 0 7 10 20 0
1.1 1.33 13.5 34.33 26 12.11
50 1 100 0.99 0 0.99
50 1 100 1.01 0 1.01
1 1 1 1 1.1 1.1
99.01 99.01 99.99 99.99 99.99 99.99
35.0 31.9 3.5 63.4 66.5 46.6
0 0 1 1 2 2
1 1 1 1 1.1 1.1
71.67 88.3 45.02 49.09 98.49 0.1
1.5 1.5  1.5 6.8  6.8 1.5
10.7 6.9  8.5 1.5  14.5 1.5
1 1 2 2 3 3
1.22 4.39 1.82 3.25 3.01 5.0 
2 0 4 50 2 100 
1 1 1 1 1.1 1.1
99.01 99.01 99.99 99.99 99.99 99.99
2 2 2 2 3 3
1 1 1 4 4 4
4 4 1 4 1 1
1.99 2 2 2.01 2.01 2 
98.88 98.2 98.2 98.2 98.2 98.88
1 1 0.69 1 2 1
2 1 0.69 1 1 1
0.69 1 2 1 1 1
0.69 1 1 1 2 1
2 1 1 1 0.69 1
1 1 2 1 0.69 1
1 3 1.2 1 0.69 1
1.5 1.5 1.5 6.8 6.8 1.5
10.7 6.9 8.5 1.5 14.5 1.5
1 2 3 5 6 9
1 1 2 2 3 3
5 4 3.2 3.6 1.0 0.6
1.2 1.1 1.1 2.2 2.2 5.5
10.3 6.2 6.63 2.36 3.21 3.32
0.0 0.0 100.0 100.0 100.0 0.0
0.0 0.0 3.0 3.0 3.0 0.0
71.67 88.3 45.02 49.09 98.49 0.1
0 0 100 0 0 100
0.1 0.1 0.9 100 0.7 80
1 1 5 5 100 100
0 0 2.5 0.5 4 0.7
1 1 3 2 2 3
1 1 5 1 5 5
0.99 0.99 1.01 0.99 0.99 1.01
0 0 0 0 100 0
50.00 0.00 50.00 50.00 50.00 100.00
50.00 50.00 50.00 50.00 50.00 50.00
1 1 1 1 1 1
1 1 1 1 1.1 1.1
1 1 1 5 1 10
1 1 1 4 2 4
1 1 1 4 4 1
1 1 1 2 1 1
0 0 0 2 2 0
98 98 100 98 98 100
0 0 0 5 0.5 0
3.01 3.01 3.01 3.99 3.99 3.01
1 2 3 5 6 9
1 1 2 2 3 3
5 4 3.2 3.6 1.0 0.6 1.2
1.1 1.1 2.2 2.2 5.5 10.3
6.2 6.63 2.36 3.21 3.32
0.5 0.5 1.5 1.5 0.5 1.5
0 50 50 50 100 50
1 50 5 50 10 50
0 0 50 50 100 100
0 0 50 50 100 99
100 100 100 100 100 100
0 0 0 50 0 100
99.01 99.01 99.99 99.99 99.99 99.99
0 0 50 50 100 0
0 0  0 0  0 0
