  1
  1
  1
  1
  1
  1
  1
  1
  1
  1
  1
  1
  1
  1
  1
  1
  1
  1
  1
  1
  1
  1
  1
  1
  1
  1
  1
  1
  1
  1
  1
  1
  1
  1
  1
  1
  1
  1
  1
  1
  1  2
  2  1
  1  2
  2  1
  1  2
  2  1
  2  1
  2  1
  1  2
  2  1
  1  2
  2  1
  2  1
  2  1
  2  1
  2  1
  2  1
  2  1
  2  1
  2  1
  2  1
  2  1
  2  1
  2  1
  2  1
  2  1
  2  1
  2  1
  2  1
  2  1
  2  1
  2  1
  2  1
  2  1
  2  1
  2  1
  2  1
  2  1
  2  1
  2  1
  1  2  3
  1  2  3
  3  2  1
  1  2  3
  2  1  3
  3  2  1
  1  3  2
  1  3  2
  3  2  1
  1  2  3
  2  1  3
  2  3  1
  1  3  2
  2  1  3
  2  3  1
  2  3  1
  2  3  1
  2  3  1
  2  3  1
  2  3  1
  2  3  1
  2  3  1
  2  3  1
  2  3  1
  2  3  1
  2  3  1
  2  3  1
  2  3  1
  2  3  1
  2  3  1
  2  3  1
  2  3  1
  2  3  1
  2  3  1
  2  3  1
  2  3  1
  2  3  1
  2  3  1
  2  3  1
  2  3  1
  1  2  3  4
  2  4  3  1
  2  3  1  4
  4  3  2  1
  1  2  4  3
  4  2  3  1
  3  1  2  4
  4  3  2  1
  1  2  3  4
  4  2  3  1
  2  1  4  3
  3  1  2  4
  1  4  3  2
  2  4  3  1
  3  2  1  4
  4  3  2  1
  4  1  3  2
  4  1  3  2
  4  1  3  2
  4  1  3  2
  4  1  3  2
  4  1  3  2
  4  1  3  2
  4  1  3  2
  4  1  3  2
  4  1  3  2
  4  1  3  2
  4  1  3  2
  4  1  3  2
  4  1  3  2
  4  1  3  2
  4  1  3  2
  4  1  3  2
  4  1  3  2
  4  1  3  2
  4  1  3  2
  4  1  3  2
  4  1  3  2
  4  1  3  2
  4  1  3  2
  1  2  3  4  5
  1  2  3  4  5
  1  3  5  2  4
  1  2  3  4  5
  5  4  3  2  1
  1  2  4  5  3
  2  4  5  1  3
  4  5  2  3  1
  1  2  3  5  4
  5  4  3  1  2
  1  4  5  2  3
  1  2  3  4  5
  1  3  2  5  4
  4  2  3  1  5
  4  5  2  1  3
  5  1  3  4  2
  2  5  1  4  3
  3  2  1  5  4
  3  5  1  2  4
  3  5  1  2  4
  3  5  1  2  4
  3  5  1  2  4
  3  5  1  2  4
  3  5  1  2  4
  3  5  1  2  4
  3  5  1  2  4
  3  5  1  2  4
  3  5  1  2  4
  3  5  1  2  4
  3  5  1  2  4
  3  5  1  2  4
  3  5  1  2  4
  3  5  1  2  4
  3  5  1  2  4
  3  5  1  2  4
  3  5  1  2  4
  3  5  1  2  4
  3  5  1  2  4
  3  5  1  2  4
  3  5  1  2  4
  1  2  3  4  5  6
  2  4  6  3  1  5
  3  6  2  5  4  1
  4  2  6  1  3  5
  3  4  2  1  5  6
  6  5  4  3  2  1
  1  3  6  4  5  2
  2  4  6  5  3  1
  6  3  5  2  4  1
  2  4  3  6  5  1
  3  2  4  1  5  6
  6  4  2  3  5  1
  1  5  2  4  6  3
  2  5  4  1  6  3
  2  3  6  4  5  1
  3  6  2  4  5  1
  3  5  1  4  6  2
  6  4  5  2  3  1
  1  6  4  5  3  2
  1  2  5  6  3  4
  1  2  4  5  6  3
  1  2  4  5  6  3
  1  2  4  5  6  3
  1  2  4  5  6  3
  1  2  4  5  6  3
  1  2  4  5  6  3
  1  2  4  5  6  3
  1  2  4  5  6  3
  1  2  4  5  6  3
  1  2  4  5  6  3
  1  2  4  5  6  3
  1  2  4  5  6  3
  1  2  4  5  6  3
  1  2  4  5  6  3
  1  2  4  5  6  3
  1  2  4  5  6  3
  1  2  4  5  6  3
  1  2  4  5  6  3
  1  2  4  5  6  3
  1  2  4  5  6  3
  1  2  3  4  5  6  7
  1  2  3  4  5  6  7
  2  3  5  6  1  4  7
  1  2  3  4  5  6  7
  3  5  7  1  4  2  6
  2  3  1  5  4  6  7
  7  6  5  3  4  2  1
  4  5  7  2  3  6  1
  1  6  3  5  7  2  4
  2  5  1  4  7  3  6
  4  1  3  6  7  5  2
  1  3  4  5  6  7  2
  5  3  4  1  2  7  6
  7  6  4  3  5  2  1
  7  1  3  5  6  4  2
  1  4  6  7  2  3  5
  1  3  5  7  2  6  4
  4  2  3  6  1  5  7
  5  2  4  7  3  6  1
  5  6  3  4  1  2  7
  7  5  6  4  2  3  1
  7  2  6  3  5  4  1
  7  2  4  5  6  3  1
  7  2  4  5  6  3  1
  7  2  4  5  6  3  1
  7  2  4  5  6  3  1
  7  2  4  5  6  3  1
  7  2  4  5  6  3  1
  7  2  4  5  6  3  1
  7  2  4  5  6  3  1
  7  2  4  5  6  3  1
  7  2  4  5  6  3  1
  7  2  4  5  6  3  1
  7  2  4  5  6  3  1
  7  2  4  5  6  3  1
  7  2  4  5  6  3  1
  7  2  4  5  6  3  1
  7  2  4  5  6  3  1
  7  2  4  5  6  3  1
  7  2  4  5  6  3  1
  1  2  3  4  5  6  7  8
  2  4  6  8  3  7  5  1
  1  3  5  6  8  2  4  7
  4  8  7  3  6  2  5  1
  2  4  1  5  6  7  3  8
  4  6  2  8  5  7  1  3
  6  4  5  1  3  2  8  7
  8  7  6  5  4  2  3  1
  1  2  8  3  4  5  6  7
  2  8  4  6  7  1  5  3
  1  3  6  8  2  4  5  7
  4  3  7  8  2  6  1  5
  5  2  7  1  4  6  3  8
  4  1  3  5  6  8  2  7
  6  5  3  4  1  2  7  8
  6  7  5  8  4  1  2  3
  7  1  3  5  6  8  2  4
  7  8  2  4  6  1  3  5
  3  8  2  5  7  1  6  4
  3  4  1  2  6  7  8  5
  4  5  1  3  7  8  2  6
  6  4  5  2  7  8  1  3
  6  8  5  3  4  1  2  7
  6  8  2  3  4  5  1  7
  6  8  2  3  4  5  1  7
  6  8  2  3  4  5  1  7
  6  8  2  3  4  5  1  7
  6  8  2  3  4  5  1  7
  6  8  2  3  4  5  1  7
  6  8  2  3  4  5  1  7
  6  8  2  3  4  5  1  7
  6  8  2  3  4  5  1  7
  6  8  2  3  4  5  1  7
  6  8  2  3  4  5  1  7
  6  8  2  3  4  5  1  7
  6  8  2  3  4  5  1  7
  6  8  2  3  4  5  1  7
  6  8  2  3  4  5  1  7
  6  8  2  3  4  5  1  7
  6  8  2  3  4  5  1  7
  1  2  3  4  5  6  7  8  9
  1  2  3  4  5  6  7  8  9
  3  6  9  2  5  8  1  7  4
  1  2  3  4  5  6  7  8  9
  1  5  8  2  4  6  9  3  7
  6  3  9  5  2  8  4  7  1
  5  2  3  4  1  7  9  6  8
  4  5  7  9  1  2  3  6  8
  8  9  7  6  4  5  2  3  1
  1  8  9  6  2  3  5  7  4
  8  1  4  6  9  2  5  7  3
  3  9  2  6  8  1  4  5  7
  3  2  7  8  1  4  6  9  5
  4  5  7  1  9  3  8  2  6
  2  3  6  9  4  5  8  1  7
  5  3  4  7  1  2  6  9  8
  5  6  8  4  7  3  9  2  1
  6  8  9  2  4  5  7  3  1
  6  7  9  1  3  5  8  2  4
  2  7  9  1  4  6  8  5  3
  2  8  1  3  5  6  7  9  4
  2  3  4  8  9  1  6  7  5
  5  3  4  1  2  7  9  8  6
  5  7  3  4  1  2  8  9  6
  5  7  9  1  4  3  8  2  6
  5  7  9  1  3  4  6  8  2
  5  7  9  1  3  4  6  2  8
  5  7  9  1  3  4  6  2  8
  5  7  9  1  3  4  6  2  8
  5  7  9  1  3  4  6  2  8
  5  7  9  1  3  4  6  2  8
  5  7  9  1  3  4  6  2  8
  5  7  9  1  3  4  6  2  8
  5  7  9  1  3  4  6  2  8
  5  7  9  1  3  4  6  2  8
  5  7  9  1  3  4  6  2  8
  5  7  9  1  3  4  6  2  8
  5  7  9  1  3  4  6  2  8
  5  7  9  1  3  4  6  2  8
  5  7  9  1  3  4  6  2  8
  1  2  3  4  5  6  7  8  9 10
  2  4  6  8 10  3  7  1  5  9
  2  3  5  6  9  1  4  7  8 10
  4  8  2  6 10  7  3  9  1  5
  5 10  4  9  8  3  7  2  1  6
  4  6  2 10  5  8  3  1  7  9
  1  4  6  7  9  2  3 10  5  8
  2  4  6  8 10  3  7  9  1  5
  3  4  2  6  5  8  1  7 10  9
 10  8  9  7  5  4  6  2  3  1
 10  1  2  8  3  4  6  7  9  5
  2  4  6  8 10  1  3  5  7  9
  9  2  3  5  6  1  7  8  4 10
  2  8  1  4  6 10  3  7  9  5
 10  3  4  5  2  6  8  9  1  7
  1  5  6  8 10  2  3  4  9  7
  4  2  6 10  3  5  7  8  9  1
  4  5  7  8  3  2  6 10  1  9
  5  7  8  9  1  3  4  6  2 10
 10  5  6  8  9  2  4  7  1  3
  1  6  8  9 10  3  5  7  4  2
  1  7  9 10  2  4  5  6  3  8
  1  3  7  8 10  2  5  6  9  4
  4  2  3  9  1  6  8 10  5  7
  4  6  2  3 10  1  7  8  9  5
  4  6  8  9  3  1  2  7 10  5
  4  6  8  9 10  1  2  3  7  5
  4  6  8  9 10  1  2  3  7  5
  4  6  8  9 10  1  2  3  7  5
  4  6  8  9 10  1  2  3  7  5
  4  6  8  9 10  1  2  3  7  5
  4  6  8  9 10  1  2  3  7  5
  4  6  8  9 10  1  2  3  7  5
  4  6  8  9 10  1  2  3  7  5
  4  6  8  9 10  1  2  3  7  5
  4  6  8  9 10  1  2  3  7  5
  4  6  8  9 10  1  2  3  7  5
  4  6  8  9 10  1  2  3  7  5
  4  6  8  9 10  1  2  3  7  5
  4  6  8  9 10  1  2  3  7  5
  1  2  3  4  5  6  7  8  9 10 11
  1  2  3  4  5  6  7  8  9 10 11
  1  3  5  6  8  9  2  7 10 11  4
  1  2  3  4  5  6  7  8  9 10 11
  3  4  8  9  2  7 10 11  1  5  6
  1  6 11  2  7  8  9  3  4  5 10
  3  5  6  7  9 10  2  1  8 11  4
  4  5  7  9 11  1  3  8 10  2  6
  5  7  3  8  4  6  9 10  1  2 11
  6  5  7  3  4  8  2  9 10  1 11
 10 11  9  8  6  7  4  5  2  3  1
  1 11  8 10  5  7  2  3  6  9  4
  2  1  4  6  9 11  5  8 10  7  3
  3  6  9  1  5  8  2  4 11 10  7
  1  4  7  8 11  3  6 10  2  5  9
 10  3  5  7  8  2  4  6  9  1 11
 11  4  6  8 10  1  2  3  5  7  9
  3  1  2  5  7  9 11  4  6 10  8
  3  4  6  7  8  2  1  5 10 11  9
  9  4  6  7  8 10  1  2  3  5 11
 10  5  7  8  9  1  3  4  6  2 11
 10  5  7  8  9  1  3  4 11  2  6
 10 11  6  8  9  1  3  4  5  2  7
 11  2  6  7  9 10  1  4  5  8  3
  3 11  1  2  8 10  5  6  7  9  4
  3  5  1  2  9 11  6  7  8  4 10
  3  5  7  1  2  8 10  6  9  4 11
  3  5  7  9 10 11  2  8  1  6  4
  3  5  7  9 10 11  2  4  8  6  1
  3  5  7  9 10 11  2  4  8  1  6
  3  5  7  9 10 11  2  4  8  1  6
  3  5  7  9 10 11  2  4  8  1  6
  3  5  7  9 10 11  2  4  8  1  6
  3  5  7  9 10 11  2  4  8  1  6
  3  5  7  9 10 11  2  4  8  1  6
  3  5  7  9 10 11  2  4  8  1  6
  3  5  7  9 10 11  2  4  8  1  6
  3  5  7  9 10 11  2  4  8  1  6
  3  5  7  9 10 11  2  4  8  1  6
  3  5  7  9 10 11  2  4  8  1  6
  1  2  3  4  5  6  7  8  9 10 11 12
  2  4  6  8 10 12  3  7 11  1  5  9
  3  6  9 12 11  2  8  5  1  4  7 10
  4  8 12  3  7 11  6  2 10  1  5  9
  3  5  7 12  1  2  8 10  4  9 11  6
  6 12 11  5  4  3  9 10  2  8  7  1
  7  2  4  5  6 12  1  8  9 10 11  3
  4  8 12  3  6  7  2 11  5  9  1 10
  6  9  3  5  8 11 12  2 10  1  4  7
 10  4  6  8  9 12  5  7  2 11  1  3
  6  7  8  5  4  3  9 10 12  2 11  1
 10 11 12  9  8  5  7  4  6  3  1  2
 12 11  1  2  8  9 10  4  5  7  3  6
  1  4 10  2  6  9 12  3  7 11  8  5
  2  3  6  9 12  4  5  8 11  1  7 10
  4  8 12  7 11  2  3  6 10  1  9  5
  5 10  2  4  7  8  9 12  1  3  6 11
  6 11  3  5  8  9 10 12  1  2  4  7
  2  7 12  1  4  5  6  9 11  3 10  8
  8  2  3  5  6  7  1 12  4 10 11  9
  9  3  5  6  8 11  1  2  4  7 12 10
  9  4  6  7  8 11  1  2  3 10 12  5
  9 10  4  6  7 11 12  1  2  5  8  3
 10 12  5  7  8  9 11  2  3  4  6  1
 10 12  1  6  8  9 11  3  4  5  2  7
  2 11  1  7  9 10 12  4  5  6  8  3
  2  4 11 12  1  8 10  5  6  7  3  9
  2  4  6 12  1  7  9 11  5  8  3 10
  2  4  6  8  9  1  7 10 12  5 11  3
  2  4  6  8  9 11 12  1  7 10  3  5
  2  4  6  8  9 11 12  1  5  7 10  3
  2  4  6  8  9 11 12  1  5  7 10  3
  2  4  6  8  9 11 12  1  5  7 10  3
  2  4  6  8  9 11 12  1  5  7 10  3
  2  4  6  8  9 11 12  1  5  7 10  3
  2  4  6  8  9 11 12  1  5  7 10  3
  2  4  6  8  9 11 12  1  5  7 10  3
  2  4  6  8  9 11 12  1  5  7 10  3
  2  4  6  8  9 11 12  1  5  7 10  3
  2  4  6  8  9 11 12  1  5  7 10  3
  1  2  3  4  5  6  7  8  9 10 11 12 13
  1  2  3  4  5  6  7  8  9 10 11 12 13
  2  3  5  6  9 11 12  1  7  8  4 10 13
  1  2  3  4  5  6  7  8  9 10 11 12 13
  2  4  9 10  1  3  5  7  8  6 11 12 13
  2  3  8  9 10  4  6 11  1  5 12  7 13
  7  1  4  6  9 12 13  3  5 11  2 10  8
  4  5  7  9 11 12  2  3  6 10 13  1  8
  5  6  7  9 10 12  1  2  3  4 11  8 13
  1  4  7 10 13  3  6  2  5  9 11 12  8
  9 11 13  5  7 10  1  3  4  8  2  6 12
  9  7  8  5  6 10  3 11  4  2 12  1 13
 10 11 12 13  9  6  7  8  5  2  4  1  3
  1 12  2 11 13  6  9 10  4  5  8  3  7
  2  1  4  7 10 11 12 13  3  6  9  8  5
  3  2  6  9 12 13  1  5  7 10 11  8  4
  4  8 13  2  3 11 12  5  7 10  1  6  9
  4  5  9  1  3  7  8 10 12 13  2  6 11
  5 10 12  2  4  6  8  9 11 13  1  7  3
  7  1  6 12 13  4  5  9 11  2  3  8 10
  8  2  4  5  7  1  6 12 13  9 10 11  3
  8  2  4  5  6  7  9 11 13  1 12  3 10
  8  9  3  5  6  7 11 13  1  2 10 12  4
  9 11  3  4  6  7  8 10 13  2  5  1 12
  9 11 12  4  6  7  8  1  2  3  5 10 13
  9 10 12 13  5  7  8 11  2  3  4  1  6
  1 10 12 13  6  8  9 11  3  5  7  4  2
  1  3 11 13  7  9 10 12  4  5  6  2  8
  1  3  5 11 12 13  6  8  9 10  4  7  2
  1  3  5  7  8 12 13  6  9 10  4 11  2
  1  3  5  7  8 10 11 12 13  9  6  2  4
  1  3  5  7  8 10 11 12 13  4  6  9  2
  1  3  5  7  8 10 11 12 13  4  6  9  2
  1  3  5  7  8 10 11 12 13  4  6  9  2
  1  3  5  7  8 10 11 12 13  4  6  9  2
  1  3  5  7  8 10 11 12 13  4  6  9  2
  1  3  5  7  8 10 11 12 13  4  6  9  2
  1  3  5  7  8 10 11 12 13  4  6  9  2
  1  3  5  7  8 10 11 12 13  4  6  9  2
  1  3  5  7  8 10 11 12 13  4  6  9  2
  1  2  3  4  5  6  7  8  9 10 11 12 13 14
  2  4  6  8 10 12 14  3  7 11  1  5  9 13
  1  3  5  6  8  9 12 14  2  7 10 11  4 13
  4  8 12  2  6 14 10  9  1  3  7 11 13  5
  1  5  8 10 14  2  4  7  9 12 13  6 11  3
  4  6 12 14  8 10  2  5  7 11  3  9  1 13
  7 14  6 13  4  5 12  3 10  2  8  9 11  1
  2  4  6  8 10 12 14  1  9 11 13  5  3  7
  1  6  7 11 12 14  2  8  9 10  3  4  5 13
 10  4  6  8  9  2  7 12 14  1  5 11  3 13
  5  7  9  2  4  8 10 13  1  3 11 12  6 14
  4  2  6  8 10 12 14  1  3  7  9  5 13 11
  9 11  7  8 12  6  4  5 10  1  2  3 14 13
 14 11 13  9 10 12  7  2  4  6  8  5  1  3
  1 12 14  8 11 13  4  7 10  3  6  9  5  2
  1  2 14  4  7 11 13  5 10 12  3  8  9  6
  2  1  5  6  9 10 13 14  4  8 12  3  7 11
  3  8 12 13  1  2  4  7 11  5  6 10 14  9
  4  5  9 14  2  3  7  8 10 12 13  1 11  6
  6  4  5 10 12  1  3  8  9 11 14  2  7 13
  7 14  2  6 12 13  3  4  9 11  1  5 10  8
  7  1  3  4  6  8 13 14  5 11 12  9 10  2
  7  8  1  3  5  6  9 11 12 14  2  4 10 13
  8 10  2  4  5  7  9 12 13 14  1  3  6 11
  8 10 11  3  5  6  7 13  1  2  4  9 14 12
  8  9 11 12  3  5  6 10 14  1  4  7 13  2
 13  9 11 12  4  6  7  8 10  1  2  3  5 14
 13 14  9 10 12  5  7  8 11  2  3  4  6  1
 13 14  2 10 12  6  8  9 11  3  4  5  7  1
 13 14  2  4 11 12  5  7  8  9 10  3  6  1
 13 14  2  4  6  7 12  5  9 10 11  3  8  1
 13 14  2  4  6  7  9 10 11 12  5  8  3  1
 13 14  2  4  6  7  9 10 11 12  3  5  8  1
 13 14  2  4  6  7  9 10 11 12  3  5  8  1
 13 14  2  4  6  7  9 10 11 12  3  5  8  1
 13 14  2  4  6  7  9 10 11 12  3  5  8  1
 13 14  2  4  6  7  9 10 11 12  3  5  8  1
 13 14  2  4  6  7  9 10 11 12  3  5  8  1
 13 14  2  4  6  7  9 10 11 12  3  5  8  1
 13 14  2  4  6  7  9 10 11 12  3  5  8  1
  1  2  3  4  5  6  7  8  9 10 11 12 13 14 15
  1  2  3  4  5  6  7  8  9 10 11 12 13 14 15
  3  6  9 12 15 14  2  8 11  5  1  4 10  7 13
  1  2  3  4  5  6  7  8  9 10 11 12 13 14 15
  5 10 15  9  4 14  8  3 13 12  2  7  1  6 11
  6 12  3  9 14  5 15  2 11  7  8  4  1 13 10
  6 13 14  4  5  7 10  3  9 11 12 15  2  1  8
  4  5  7  9 11 12  1  3  6 10 13 14 15  2  8
  6  9 15  3  5  8 11  2 10 12 14  1  4  7 13
 10  5 15  3  4  9 14  2  8 12 13  6  7  1 11
  6 10 14  1  2  9 13  3  5  7 11 15  4 12  8
 12  6  8  9 11 15  3  5 14  2  7 10 13  1  4
  7  4  5  6  3  9 11 13  2  1  8 10 14 15 12
  9 11 12  7  8 10 13 14  4  3  6  2  5  1 15
 14 11 13 15 10 12  5  8  9  3  4  7  1  2  6
 15 12 14  1  8  9  4  7 10 11 13  2  6  3  5
  1 14 15  3  7 10 11 12 13  2  4  5  6  9  8
  1  2  3  6 11  5  9 13 14 15  4  8 10 12  7
  2  4  7  8 12 13 15  1  3  6 11 14  5  9 10
  5  3  8  9 14  1  2  4  6  7 10 11 13 15 12
  6 13  4  5 10 12  1  3  8  9 11 14 15  7  2
  6 14  1  5 11 12 13  2  4  9 10 15  3  7  8
  6  7 14 15  2  3  5  8 13  4  9 11 12 10  1
  7  9 15  1  3  4  5  6  8 11 12 14  2 10 13
  7  9 10  1  3  4  5  6  8 12 13 14 15  2 11
  7  8 10 11  2  4  5  6 13 14  1  3  9 12 15
  8 10 11 12  2  3  5  6  7  9 14 15  1  4 13
 13  8  9 11 12  3  4  6  7 10 15  2  5  1 14
 13 15  9 11 12  5  7  8 10  1  3  4  6  2 14
 13 15  2 10 12  3  6  8  9 11  1  4  5  7 14
 13 15  2  4 10 11 12  5  7  9  1  3  6  8 14
 13 15  2  4  6  7 11 12  5  8 10  3  9  1 14
 13 15  2  4  6  7  9 10 11 12  5  8  3 14  1
 13 15  2  4  6  7  9 10 11 12  1  3  5  8 14
 13 15  2  4  6  7  9 10 11 12  1  3  5  8 14
 13 15  2  4  6  7  9 10 11 12  1  3  5  8 14
 13 15  2  4  6  7  9 10 11 12  1  3  5  8 14
 13 15  2  4  6  7  9 10 11 12  1  3  5  8 14
 13 15  2  4  6  7  9 10 11 12  1  3  5  8 14
 13 15  2  4  6  7  9 10 11 12  1  3  5  8 14
  1  2  3  4  5  6  7  8  9 10 11 12 13 14 15 16
  2  4  6  8 10 12 14 16  3  7 11 15  5 13  9  1
  2  3  5  6  9 11 12 14 15  1  4  7  8 16 10 13
  4  8 12 16 15  3  7 11 10 14  2  5  6  9 13  1
  3  4  8  9 14  1  2  7 10 11 13 15 12 16  5  6
  4  6 12 14  2  8 10 16  5  7  9 11 15  3 13  1
  5 12  2  3  4 10 11 14 16  7  9 15  1  6 13  8
  8 16  7 15  6 13 14  3  4  5  2 10 12  1 11  9
  8  1  6  9 13  2  3  4  5  7 10 11 12 15 16 14
 10  2  4  8 14 16  3  5  6  7  1 12 13  9 11 15
  6  9 11  1  4  5  8 12 16  2  3  7 10 15 14 13
  8  3  5  6  7 12 16  2  9 11 15  4 10 14  1 13
 10 13 16  4  7  9 12 15  1  3  6  8 14  5 11  2
  7  8  5  6  9 10 12  3  4 11  1  2 13 15 14 16
 13  9 11 12  8 14  5  7 10 15  4 16  3  1  6  2
 14 16 11 13 15  7 10 12  6  9  2  4  5  8  3  1
 15  1 12 13 14  5  9 11 16  2  4  8  3  7 10  6
 16  2 14 15  4  7 11 13  1  3  6  8  9 10  5 12
  1  3  6 11 13 14 16  2  5  9 10 15  4  8 12  7
  4  1  2  3  7 12 13 15 16  6  8 10 11 14  9  5
  5  2  3  4  9 11 14 15  1  7  8 10 13 16 12  6
  5 13  3  4 10 12 16  2  6  8  9 11 14  1  7 15
  5  6 13 14 16  4 11  1  3  7  9 10 12  2  8 15
  6  8 14 15  1  3  4  5  7 10 11  2 12 13 16  9
  6  8  9 15  1  3  4  5 10 12 13 14  2  7 11 16
  6  7  9 10 16  2  4  5  8 12 13 15  1  3 14 11
  7  9 10 11  1  3  4  6  8 13 14 16  2  5 15 12
 12  7  9 10 11  1  2  4  5  6 13 15 16  3  8 14
 12 13  8 10 11  3  5  6  7  9 15  1  2  4 16 14
 12 13 15  8  9 11  4  6  7 10 16  1  2  3  5 14
 12 13 15  1  9 11  5  7  8 10 16  2  4  6  3 14
 12 13 15  1  3 10 11  4  6  8  9 16  2  5  7 14
 12 13 15  1  3  5  6 11  4  7  9 10  2  8 16 14
 12 13 15  1  3  5  6  8  9 10 11  4  7  2 14 16
 12 13 15  1  3  5  6  8  9 10 11 16  2  4  7 14
 12 13 15  1  3  5  6  8  9 10 11 16  2  4  7 14
 12 13 15  1  3  5  6  8  9 10 11 16  2  4  7 14
 12 13 15  1  3  5  6  8  9 10 11 16  2  4  7 14
 12 13 15  1  3  5  6  8  9 10 11 16  2  4  7 14
 12 13 15  1  3  5  6  8  9 10 11 16  2  4  7 14
  1  2  3  4  5  6  7  8  9 10 11 12 13 14 15 16 17
  1  2  3  4  5  6  7  8  9 10 11 12 13 14 15 16 17
  1  3  5  6  8  9 12 14 15 17  2  4 10 11 13  7 16
  1  2  3  4  5  6  7  8  9 10 11 12 13 14 15 16 17
  3  5  7 12 13  1  2  4  8 10 14 15 16 17  9 11  6
  1  6 11 12 17  2  3  4  7  8 10 13 14 15  9 16  5
  1  4  6  7  9 11 12 14 17  3  5 10 13 16  2  8 15
  4  5  7  9 11 12 16 17  2  3  6  8 10 13 15  1 14
  1  9  2  8 10 12  3  4  6 11 13 16 17  5  7 15 14
  2  5  8  9 10 12 13  3  4  7 15 16  1 11 14  6 17
  3  9 14 15  4  8 10 13 17  2  5  6 16  7 12 11  1
  7  9 11 12 14 16  2  4  6 15  1  5  8 13 17  3 10
  8 11  4  5  7  9 12 13 16  1  3 10 15 17  2 14  6
  2  5  8 11 14 17  3  6  9 16  1  4  7 10 13 15 12
  7  8 10 11  5  9 12  4 13 15  3  6 16 17  1  2 14
 13 15  9 10 11 12 14  8  3  6  1  5  7 16 17  2  4
 14 16 17 11 13 15  7  9 10 12  3  6  2  5  4  8  1
 15 17  1 13 14  5  6  9 11 12 16  3  4  8 10  2  7
 16  1  2  9 14 15 17  4  7 11 13  3  6  8 10  5 12
  3 17  2  6 11 13 14 16  1  4  5 10 15  9  8 12  7
  4  1  3  7  9 13 15 16 17  2  6  8 11 12 14 10  5
  4  2  3  8 10 11 14 15 17  1  6  7  9 13 16  5 12
  4  5 12 13  3  9 10 11 16 17  2  6  7  8 15  1 14
  5  7 13 14 16  1  2  3  4 12 17 10 11  6  9  8 15
  5  7 14 16  1  2  4  6  8 10 11 12  3 13  9 17 15
  5  6  8  9 15 17  2  3  4 11 12 13 14 16  1 10  7
  6  8  9 16  1  3  4  5  7 10 12 13 14 15  2 11 17
  6  8  9 11 17  2  3  5  7 10 13 14 15 16  1  4 12
 12  7  9 10 11  1  3  4  6  8 14 16 17  2  5 13 15
 12 14  7  8 10 11  2  4  5  9 15 16 17  1  6 13  3
 12 14 16  8 10 11  3  4  6  7  9 15 17  2  5  1 13
 12 14 16  1  9 11  2  5  7  8 10 15  3  4 13 17  6
 12 14 16  1  3  4 10 11  2  6  7  8  9 17  5 15 13
 12 14 16  1  3  4  6  7  8  9 11 10  2  5 15 17 13
 12 14 16  1  3  4  6  7  8  9 11 13 10  2  5 15 17
 12 14 16  1  3  4  6  7  8  9 11 13 17  2  5 10 15
 12 14 16  1  3  4  6  7  8  9 11 13 17  2  5 10 15
 12 14 16  1  3  4  6  7  8  9 11 13 17  2  5 10 15
 12 14 16  1  3  4  6  7  8  9 11 13 17  2  5 10 15
 12 14 16  1  3  4  6  7  8  9 11 13 17  2  5 10 15
  1  2  3  4  5  6  7  8  9 10 11 12 13 14 15 16 17 18
  2  4  6  8 10 12 14 16 18  3  7 11 15  1  5  9 13 17
  3  6  9 12 15 18  2 11 14  5  8 17  7 16  4 10  1 13
  4  8 12 16  2  6 14 18 10  7  1  3  5  9 11 13 15 17
  2  4  9 10 15 17  3  5  7  8 11 12 14  1  6 13 16 18
  6 12 18  5 11 17 10  3  4 16  9 14 15  2  7 13  1  8
  3  5  6  7  9 10 14 16 17  1  2  8 13  4 11 15 18 12
  2  4  6  8 10 12 14 16 18 15  7 11 13  1  5  9 17  3
  8  9 18  7 17  6 16 15 13  2  3  4  5 12 14 11  1 10
 10  2  8 14 16  6  7 12 13 17 18  1  4  5  9 11 15  3
  4  8 10 12  1  3  7 11  2  6  9 14 15 16 18  5 13 17
  6 11 18  4  5  9 10 12  3  8 13 16 17  2 14 15  1  7
  6  1  3  4 11 13 15 16 18  5  7  8 10 12 17  2  9 14
  6  9 12 14 16  5  8 10 13 15  1  2  4 11 17  3  7 18
  6  3  5  7  1  2  4  8  9 10 12 13 15 16 18 11 14 17
 12  8 10 11 14  6  7 13 16  3  5  9 15 18  2  4  1 17
 13 15 16  9 10 11 12 14  8 17  3  4  6  7  1  2  5 18
 14 16 17 11 13 15 18  7  9 10 12  2  3  4  6  1  8  5
 15 17 18  1 13 14  2  5  6  9 10 11 12 16  4  8  3  7
  2 16 18  1  4  9 10 15  7  8 12 14 17  5 11 13  3  6
  3 17  1  2  6 11 12 14 15 16  5  7  8 18 10  4  9 13
  3 18  2  7  9 13 15 16 17  4  5  6  8 11 12 14  1 10
  3  4 11  1  5  8 10 14 16 17 18  2  6  7  9 13 15 12
  4  6 12 13 15  2  3 10 11 16 18  1  5  8  9 14  7 17
  4  6 13 15 17 18  1  2  3 11 12  5  7  9 16  8 10 14
  4  5  7  8 14 16 18  1  3  6 10 11 12 15 17 13  2  9
  5  7  8 15 17  1  2  3  4  9 10 12 13 14 18  6 11 16
  5  7  8  9 10 16 18  2  3  4 11 13 14 15  1  6 12 17
 11  5  6  8  9 10 17  1  3  4  7 13 14 15 16 18  2 12
 11 12  6  8  9 10 18  2  3  4  5  7 14 15 17  1 13 16
 11 12 14  7  9 10  1  2  4  5  6  8 15 16 18  3 17 13
 11 12 14 16  7  8 10  2  3  5  6  9 15 17  1  4 13 18
 11 12 14 16 18  8 10  1  4  6  7  9 15  2  5 17  3 13
 11 12 14 16 18  2  3  9 10  1  5  7  8 15  4 13  6 17
 11 12 14 16 18  2  3  4  5 10  6  7  8  9 17  1 15 13
 11 12 14 16 18  2  3  4  5  7  8  9 10  6  1 17 15 13
 11 12 14 16 18  2  3  4  5  7  8  9 10 15 17  6  1 13
 11 12 14 16 18  2  3  4  5  7  8  9 10 15 17  6 13  1
 11 12 14 16 18  2  3  4  5  7  8  9 10 15 17  6 13  1
 11 12 14 16 18  2  3  4  5  7  8  9 10 15 17  6 13  1
  1  2  3  4  5  6  7  8  9 10 11 12 13 14 15 16 17 18 19
  1  2  3  4  5  6  7  8  9 10 11 12 13 14 15 16 17 18 19
  2  3  5  6  9 11 12 14 15 18  1  4  7  8 13 16 17 19 10
  1  2  3  4  5  6  7  8  9 10 11 12 13 14 15 16 17 18 19
  1  5  8 10 14 15 19  2  4  6 13 16  3  7  9 11 12 17 18
  2  3  8  9 10 15 16 17  4  6  7 11 14 18  1  5 12 19 13
  7 14  2  4  5  6 12 13 16 18  1  9 11 15 17  3  8 10 19
  4  5  7  9 11 12 16 17 19  2  3  6 10 13 14 15  1  8 18
  3  4 12 13 14  2  5 16  6  7  8 15  1  9 11 18 10 17 19
 10  1  8 11 12 19  3  6  7  9 13 17  2  5 16  4 14 15 18
  9 11 17  1  3  6  8 12 13 14 16 18  4 10 15  2  5 19  7
  8 10 12 14 16 18  1  3  5  7  9 15 17  2  6 11 13  4 19
  7 12  1  6 10 11 13 14 15 16 17 19  2  5 18  4  8  9  3
 13  4  7  9 11 12  3  6  8 10 17 19  1  2 16 18  5 14 15
  3  6  7 10 11 13 15 17 18  1  4  5  9 14 16  2  8 12 19
  6  8  9 10  3  5  7 12 15  2  4 13 14 17  1 11 16 19 18
 12 14  8 10 11 15  6  7  9 13 17  4 16 18 19  2  3  5  1
 13 15 16 17 10 12 14  5  6  9 11  4  8 18 19  2  7  1  3
 14 16 17 19 11 12 13 18  4  8 10 15  2  3  6  7  9  5  1
  1 15 17 18 13 14 19  2  6  7 10 12 16  4  5  9 11  8  3
  2 16 18 19  1  5 10 12 13 14 15 17  4  9  6  8  7 11  3
  2 17 19  1  5  6 11 13 14 15 16 18  4  7  8 10 12  3  9
  2  3 18  1  6  7  9 13 15 16 17  4  5  8 11 12 14 19 10
  3  5 11 12  1  2  8 10 15 16 18 19  4  7  9 13 14 17  6
  3  5 12 14 16  2  6 10 11 17 18 19  1  7  8  9 15  4 13
  3  4  6  7 13 15 17 18 19  1  2 12  5  8 10 16 11 14  9
  4  6  7  8 14 16 18 19  2  3  5 10 11 12 13 17  1  9 15
  4  6  8  9 15 17 19  1  3  5  7 11 12 13 14 18  2 10 16
  4  5  7  8  9 10 15 16 18  1  2  3 11 12 14 17 19  6 13
 11  5  7  8 10 17 19  2  3  4  9 12 14 15 16  1  6 13 18
 11 13  6  8  9 10 19  2  3  5  7 14 15 17 18  1  4 16 12
 11 13 15  6  7  9 10  1  3  4  5  8 14 16 18 19  2 12 17
 11 13 15 17  7  9 10 18  2  4  5  6 14 16 19  1  8 12  3
 11 13 15 17 19  8 10  1  3  4  6  7  9 14 18  2  5 16 12
 11 13 15 17 19  2  3  9 10  1  5  6  7  8 16 18  4 14 12
 11 13 15 17 19  2  3  5  6  7  8  9 10 18  1 14 16  4 12
 11 13 15 17 19  2  3  5  6  7  8  9 10 12  1 14 18  4 16
 11 13 15 17 19  2  3  5  6  7  8  9 10 12 16 18  1  4 14
 11 13 15 17 19  2  3  5  6  7  8  9 10 12 16 18  1 14  4
 11 13 15 17 19  2  3  5  6  7  8  9 10 12 16 18  1 14  4
  1  2  3  4  5  6  7  8  9 10 11 12 13 14 15 16 17 18 19 20
  2  4  6  8 10 12 14 16 18 20  3  7 11 15 19  1  5  9 13 17
  1  3  5  6  8  9 12 14 15 17 18  2  7 10 11 13 16 19 20  4
  4  8 12 16 20  3  7 11 15 19  6 14  2 10 18 13  5 17  1  9
  5 10 15 20  4  9 14 18 19  3 13 12  8  2 17  6  7  1 11 16
  4  6 12 14 20  2  8 10 18  3 16 11 13 19  1  5  7  9 15 17
  7 14  1  4  6  9 12 13 15 20  3  5 10 11 16 17 19 18  8  2
  4  8 16  7 12 15 20  3  6 11 14 19 18  5 10 13  2  9  1 17
  5  7 16  3  8 14 17 18  1  4  6  9 10 15 11 12 13 20  2 19
 10 20  8  9 19 17 18  7 15  6 14 16 12  4  5 13  3  2 11  1
  8 10  1  3  4  6 11 13 15 17 19 20  2  5  7  9 12 18 16 14
  4 12  3  8 10 11 14 15 16  2  6  7  9 17 19 20  1 13 18  5
  5 10 12 18  3  4  6  8 11 13 14  2  7  9 16 19  1 15 17 20
  8  2  5 14 20  1  4  6  7 10 13 16 19  9 11 12 17 18 15  3
 10 14  5  8 11 13 15 18  4  7  9 16 20  2  3  6 12 17 19  1
  4  8 12 16 20  7 11 14 18  1  3  5  6 10 13 15 17 19  2  9
 11  6  8  9 10 13  4  7 14 15  1  3  5 12 17 20 16 19 18  2
 12 14 16  8 10 11 15 17  7 13  2  3  5  9 20  1  6 18 19  4
 13 15 16 17 18 10 12 14 19  6  8  9 11 20  1  5  4  7  3  2
 20 14 16 17 19 12 13 18  4  8 10 11 15  2  3  5  7  9  6  1
  1 15 17 18 20  3  9 11 12 19  7  8 13 14  5  6 10 16  2  4
  1 16 18 19 20  4 10 12 13 15 17  2  3  5  9 14  8  7  6 11
  1  2 17 19 20  5  7 11 12 14 15 16  3  4  6  9 10 13 18  8
  2  4 10 18 19  1  6  7  9 13 15 16 20  3  8 11 12 17  5 14
  2  4 11 13 20  5  8 10 14 16 18 19  1  3  6  7  9 12 17 15
  2  3  5  6 12 14 16 17  1  9 10 11 15 18 20  4  7  8 19 13
  3  5  7 13 15 17 18 20  1  2  4  6  9 10 11 12 19 14 16  8
  3  5  7  8 14 16 18 19  1  2  4  6 10 11 12 13 17 20 15  9
  3  4  6  7  9 14 15 17 19 20  2  5  8 11 12 13 18  1 10 16
 10  4  6  7  9 15 16 18 20  1  2  3  8 11 13 14 17  5 12 19
 10 11  4  5  7  8  9 17 19  1  2  3 13 14 16 18 20 12 15  6
 10 11 13  5  7  8  9 18 19  1  2  4  6 14 15 16 17 20  3 12
 10 11 13 15  6  8  9 20  2  3  5  7 14 16 17 18 19  1 12  4
 10 11 13 15 17  6  7  9 18  1  2  4  5  8 14 16 20  3 19 12
 10 11 13 15 17 19  7  9 18 20  3  5  6  8 14  1  2  4 12 16
 10 11 13 15 17 19  1  2  8 20  4  5  7  9 14 16 18  6 12  3
 10 11 13 15 17 19  1  2  4  5  6  7 20  8  9 18  3 14 16 12
 10 11 13 15 17 19  1  2  4  5  6  7  9 12  8 20 14 16  3 18
 10 11 13 15 17 19  1  2  4  5  6  7  9 12 16 18 20  8  3 14
 10 11 13 15 17 19  1  2  4  5  6  7  9 12 16 18 20  8 14  3
  1  2  3  4  5  6  7  8  9 10 11 12 13 14 15 16 17 18 19 20 21
  1  2  3  4  5  6  7  8  9 10 11 12 13 14 15 16 17 18 19 20 21
  3  6  9 12 15 18 21 11 20  2  8 17  5 14 13  4 10 16 19  1  7
  1  2  3  4  5  6  7  8  9 10 11 12 13 14 15 16 17 18 19 20 21
  3  4  8  9 14 17 19  1  2  5 10 13 15 18 20  7 11 12 16  6 21
  6 12 18  3  9 14 21  5 11 20  2 15  8 17  7 10  1  4 13 16 19
  7 14 21  6  5 13 20 12  4 16 18  3 10 11  2 17 19  9  1 15  8
  4  5  7  9 11 12 16 17 19 21  1  2  3  6  8 10 14 15 18 13 20
  6  9 15 18 21  3  8 11 12 14 17  5 16 20  1 10 13 19  2  4  7
  6 16  5  7 15  4 17 18  3  8 10 14 19  2  9 12  1 11 20 21 13
 10 11  1 20 21  2  7  9 12 16 18 19  4 13  3  6 14 15  5  8 17
 12  3  5  9 11 18 20 21  2  6  7 15 17  4  8 14 19  1 10 16 13
  5 13 21  7  9 10 12 15 17 18 20  1  2  3  4  8 11  6 16 19 14
  7 14 21  6 12 18 19 20  2 11 13 17  3  4  5  9 15 16  1  8 10
  9 13  3  6  8 11 12 15  2  5  7 14 18 20 21  1 10 16 17  4 19
 11 15 19  5  9 10 13 14 17 18 20  1  3  4  6  8  2 12 21  7 16
  4  5  9 13  1  3  6  7  8 10 17 20  2 12 15 16 19 21 11 18 14
 11 13  6  7  9 10 14 15 18  5  8 12 17  2  4 16 21  1  3 20 19
 12 14 16 17 19  8  9 10 11 13 15 18  4  3  6  1  2  7 20  5 21
 13 15 16 17 18 19 10 12  2  6  8  9 11 14 20  1  4  5 21  3  7
 20 21 14 16 17 18 19  7 13  5  6 10 12 15  2  4  8  9 11  3  1
 21 15 17 18 20  3  8  9 11 12 19  2  7 13 14  1  5  6 16 10  4
 21  1 16 18 19 20  2  4 10 12 13 15 17  5  6  8  9 11 14  3  7
  1  3 17 18 20 21  5  7  8 12 14 15 16 19  2  6 10 11 13  9  4
  1  3 10 19 21  4  6  7  9 14 16 17 18 20  5  8 12 13 15  2 11
  1  2  4 11 13 20  5  8 10 14 16 18 19 21  3  7  9 12 17  6 15
  2  4  6 12 14 16 17 18 19 20  1  5 10 11 21  8  9 15  3  7 13
  2  4  6  7 13 15 17 18 20 21  1  3  5  9 10 11 12  8 16 19 14
  2  3  5  6  8 13 14 16 18 19 21  1  4  7 10 11 12 17 20  9 15
  3  5  6  7  8  9 14 15 17 19 20  1  2  4 11 12 13 18 21 10 16
 10  3  4  6  7  8  9 16 18 20 21  2  5 11 13 14 15 19  1 12 17
 10 12  4  6  7  9 17 18 20  1  2  3  8 11 14 15 16 21  5 13 19
 10 12 14  5  7  8  9 19 21  2  3  4  6 13 15 17 18 20 11 16  1
 10 12 14 16  5  6  8  9 17 21  2  3  4  7 13 15 19 20  1 11 18
 10 12 14 16 18  6  8  9 19  1  3  4  5 13 17 20 21  7 11 15  2
 10 12 14 16 18 20  7  9 19 21  2  3  5  6  8 13 17  1  4 11 15
 10 12 14 16 18 20  1  2  8  9 19  3  5  6  7 15 21  4 13 17 11
 10 12 14 16 18 20  1  2  4  5  6  7  8  9 21 19  3 15 17 13 11
 10 12 14 16 18 20  1  2  4  5  6  7  8  9 13 21 15 19 17  3 11
 10 12 14 16 18 20  1  2  4  5  6  7  8  9 13 17 19 21  3 15 11
  1  2  3  4  5  6  7  8  9 10 11 12 13 14 15 16 17 18 19 20 21 22
  2  4  6  8 10 12 14 16 18 20 22  3  7 11 15 19  1  5  9 13 17 21
  2  3  5  6  9 11 12 14 15 18 20 21  1  7  8 16 17 19  4 10 13 22
  4  8 12 16 20  2  6 14 18 10 22 21 13 19  5  7  9 15  1  3 11 17
  3  5  7 12 13 18 20  1  4  8 10 11 17 21 22  2  9 14 15 16 19  6
  4  6 12 14 20 22  8 10 16 18  2 11 17  3  5  7  9 15 19 21  1 13
  6 13 14 21  4  5 10 18 19 20  1  7  9 12 17  2  3  8 16 11 15 22
  2  4  6  8 10 12 14 16 18 20 22 15  5  9 11 13 19  3 21  7 17  1
  5  6  7  9 10 12 18 19  1  2  3  8 11 14 15 16 17 20 21 22  4 13
 10 20  4  6  8  9 12 18  2  5  7 16 19 22  1  3 14 15 17 21 11 13
 10 11 22  9 21  7  8 19 20  6 16 18  2  4  5 15 17  3 12 14 13  1
 12  2  4  6  8 10 11 14 15  1  7 13 16 18 20  5 17 19 21 22  3  9
  3 11 17  2  7  8 10 12 13 15 16 20 21  6 19  1  5 14 18  4  9 22
 12  4  9 10 11 14  2  3  6  8 15 17 18 20  7 13 19  1  5 16 21 22
  7  8 15  1  4  6 14 21 22  3  5 10 12 13 18 20 11 17 19  9 16  2
  9 10 14 16  3  4  7 12 13 15 19  6  8 18 20 21  1  5 11 17 22  2
  7 12 16 21  1  2  6 10 11 14 17 19 20  3  5  9 15 18 22  8 13  4
 10  5  7  8  9 12  2  4  6 13 14 16 17 20 22  1  3 11 18 19 15 21
 11 13 15 16  7  9 10 14 19  6 12 17 22  3  5  8 18 20  2  4 21  1
 12 14 16 17 18 20  9 11 15  5  7  8 10 13 19 22  1  4  3  6  2 21
 20 13 15 17 18 19 11 12 16  3  7  9 10 14 21  1  2  4  5  8 22  6
 20 21 14 16 17 18 19  1  7 13  5  6 10 12 15 22  3  4  9 11  2  8
 21  1 15 16 18 19 20  3  9 11 12 13 14 17  2  8 22  7  4  5  6 10
 21 22  2 16 17 19 20  4  6 10 11 13 14 15  1  5  8  9 12 18  7  3
 22  2 17 18 20 21  3  5  7  8 12 14 15 16 19  1  4  9 11 13  6 10
 22  1  3 10 19 21  4  6  8  9 14 16 17 18 20  5  7 12 13 15  2 11
  1  3  5 11 13 15 21 22  4  8 10 14 16 17 18 19 20  2  7  9 12  6
  1  3  5  6 12 14 16 17 18 19 20 22  2  4 11 21  9 10 15  8  7 13
  1  2  4  5  6  7 12 13 15 17 18 20 21 22  3  9 10 11 16 19  8 14
  2  4  6  7  8 13 14 16 18 19 21 22  1  3  5 10 11 12 17 20 15  9
  9  2  4  6  7  8 14 15 17 19 20 22  1  3  5 11 12 13 18 21 10 16
  9 10  3  5  6  8 16 18 20 21  1  2  4  7 12 13 14 15 19 22 11 17
  9 10 12  3  4  6  7  8 17 18 20 22  1  2 13 14 15 19 21  5 11 16
  9 10 12 14  4  6  7  8 19 21  1  2  3 11 13 15 16 17 18 22  5 20
  9 10 12 14 16  5  7  8 17 21  1  2  4  6 13 15 19 20 22  3 18 11
  9 10 12 14 16 18  5  6  8 17 22  2  3  7 13 15 20 21  1  4 19 11
  9 10 12 14 16 18 20  6  8 19 21  2  4  5  7 13 17 22  1 11  3 15
  9 10 12 14 16 18 20 22  1  7 19 21  3  4  6  8 15 17  5 11 13  2
  9 10 12 14 16 18 20 22  1  3  4  5  6 21  7  8 17 19 13 15  2 11
  9 10 12 14 16 18 20 22  1  3  4  5  6  8 11 21  7 19 13 17  2 15
  1  2  3  4  5  6  7  8  9 10 11 12 13 14 15 16 17 18 19 20 21 22 23
  1  2  3  4  5  6  7  8  9 10 11 12 13 14 15 16 17 18 19 20 21 22 23
  1  3  5  6  8  9 12 14 15 17 18 21 23  2  7 10 11 19 20 22  4 13 16
  1  2  3  4  5  6  7  8  9 10 11 12 13 14 15 16 17 18 19 20 21 22 23
  2  4  9 10 15 17 20 22  1  3  5  7 11 12 13 14 19 21  6  8 16 18 23
  1  6 11 12 17 18 19  2  3  5  8  9 20  4  7 13 14 15 16 21 22 23 10
  5 12 19  2  3  4 10 11 14 16 21  1  7 13 17 18 20 23  6  8  9 22 15
  4  5  7  9 11 12 16 17 19 21 23  1  3  8 10 13 15 18 22  2  6 14 20
  1  6  7 11 12 14 15 20 22  2  3  4  8  9 10 21 23  5 16 17 18 19 13
  1  4  7 10 13 14 15 17 18  2  5  8 11 16 23  6 12 20 21  3  9 19 22
  6  7  8 18 19  5 17  4  9 10 16 21  2 11 20 22  3 14 15  1 13 12 23
 12  1 11 23  9 10 14 20 22  5  7  8 13 16  3  6 19 21  4 15 18  2 17
  9 12  2  3  4  6  7 14 16 19 21 22  1  5  8 11 13 15 18 20 23 10 17
 14  4  5  7 10 13 19 22  1  2  6  8  9 18 21  3 12 17 23 11 16 15 20
  6 14 21 22  5 12 13 18 19 20  1  3  4 11 17  2  7 10 16  9 15  8 23
  8 12 16  1  5  7  9 10 11 13 23  3  4  6 14 15 18 20 22  2 17 21 19
 10 14 15 17 19  4  5  8  9 12 16 20 21  1  3  6  7 11 13 18 22 23  2
  3  8 12 13 17 22  1  2  5  6  7 10 11 21  4 15 16 19 20  9 14 18 23
 10 12  5  7  8  9 13 14 15 17 19  3  4 11  1  2  6 16 18 21 22 23 20
 11 13 15 16 17 19  7  8  9 10 12 14  3 20  1  2  4  5  6 18 22 21 23
 19 12 14 16 17 18 21  9 11 15  1  5  7  8 10 13 23  3  4 20 22  2  6
 20 22 13 14 16 17 18 19 11 12 21  3  5  8 10 15  1  2  6  7 23  4  9
 20 21 23 14 15 17 18 19  2  8 10 11 13 16 22  7 12  5  6  4  9  3  1
 21 23 15 16 18 19 20  1  3  9 11 12 13 14 17  2  4  6  7  8 22 10  5
 21 22  1 16 17 19 20  2  4  6 10 11 13 14 15 23  3  7  9 12 18  5  8
 22  1  3  9 18 20 21  2  5  6  8 13 15 16 17 23  7 10 11 14 19 12  4
 22 23  2  4 10 12 19 20 21  3  7  9 13 15 17 18  6  8 11 16  1 14  5
 23  2  4  5 11 13 15 17 18 19 22  9 10 16 20 21  3  7  8 14 12  1  6
 23  1  3  5  6 11 12 14 16 17 19 20 21 22  4  7  2  9 10 15 18  8 13
  1  3  5  6  7 12 13 15 17 18 20 21 22 23  2  4  9 10 11 16 19  8 14
  1  3  5  6  7  8 13 14 16 18 19 21 22 23  2 10 11 12 17 20  4  9 15
  9  2  4  5  6  7  8 15 17 19 20 22 23  1  3 11 12 13 14 18 21 16 10
  9 11  2  3  5  6  7  8 16 18 20 21 23  1  4 12 13 14 15 19 22 10 17
  9 11 13  3  5  6  8 18 20 22 23  2  4  7 12 14 15 16 17 19 21  1 10
  9 11 13 15  4  6  7  8 16 20 22  1  2  3  5 12 14 18 19 21 23 17 10
  9 11 13 15 17  4  5  7  8 16 18 21 23  2  3  6 12 14 20 22  1 19 10
  9 11 13 15 17 19  5  7  8 18 20 23  2  3  4 12 16 21 22  1  6 14 10
  9 11 13 15 17 19 21 22  6  8 18  2  4  5  7 12 14 16 20  1  3 23 10
  9 11 13 15 17 19 21 22  1  2  3  7  8 18 20  4  6 14 23  5 12 16 10
  9 11 13 15 17 19 21 22  1  2  3  4  5  6  7  8 20 18 10 14 16 12 23
  1  2  3  4  5  6  7  8  9 10 11 12 13 14 15 16 17 18 19 20 21 22 23 24
  2  4  6  8 10 12 14 16 18 20 22 24  3  7 11 15 19 23  5 13 21  9  1 17
  3  6  9 12 15 18 21 24 14 23  2  8 11 20  5 17 16 22  4  7 10 19 13  1
  4  8 12 16 20 24 15  7 19 23  3 11  2 14  6 22 10 18 13 21  5  9  1 17
  1  5  8 10 14 15 19 20  2  4  6  9 11 13 18 21 22 24  7 16 23  3 12 17
  6 12 18 24  5 23 11 22  4 17 10 15 16 20 21  8  9  3  7 14  2 13 19  1
  1  4  6  7  9 11 12 14 17 18 20 21 22  3  8 13 16 19 24  2  5 10 15 23
  8 16 24  7 15 14 23  6 13 22  4  5 21  3 12 20 18 19  2 10 11 17  1  9
  6  9 15 18 21  3  5  8 11 12 14 20 24  2 10 23  4 13 17 19 16  1  7 22
 10 20  4  6  8  9 16 18 22 24  7 14 17 21  1  2  3 12 15 19 23  5 13 11
  9 11 13 24  1  5  7 10 14 16 18 20 21 22 23  2  3 17 19  6  8 15  4 12
 10 11 12 23  9 22 24  7  8 21  5 18 20  4  6 14 15 17 19 13  1  2  3 16
 13  2 15 23  4  9 11 12 16 19 21 24  1  6  8 14 17 18 22  7 20  3  5 10
  2  8 11 12 14 17 20  4  7 10 13 16 18 19 21 22 24  1  3  5  6 15  9 23
 12  3  6  9 11 14 15 17 18 19  1  2  5  8 10 16 21 23  4 13 20 24  7 22
 16  6  7 15 23  3  5  8  9 14 21 24  2  4 12 13 19 20  1 11 18 22 10 17
  8  9 13 15 16 17  2  6 10 11 12 19 23  3  5  7 18 21 22 24  4 20  1 14
  6 11 15 16 18 20 21 23 24  5  9 10 12 14 17 22  3  4  8 13 19  1  2  7
  9  3  5  6  8 10 14 19 24  2  7 11 13 16 18 21 22 23  1  4 12 15 17 20
 10 12 14 15 16  6  8  9 13 19  4  5  7 18 22  2 11 17 20 21 24  1  3 23
 11 13 15 16 17 18 20  8 10 14 22  3  5  6  7  9 12 21 23 19  2 24  1  4
 19 20 12 14 16 17 18 22 10 11 15  1  2  3  6  8  9 13 21 24  5  7  4 23
 20 22 13 14 16 17 18 19 23  6 12 21  4  5  9 11 15  1  3  7  8 10 24  2
 20 21 23 14 15 17 18 19 24  2  8 10 11 13 16 22  7 12  3  5  9  1  6  4
 21 23  1 16 18 19 20 24  3  5 10 12 13 15 17 22  4  7  8  9 14  6 11  2
 21 22 24  2 17 19 20  1  4  6  7 11 13 14 16 18 23  5  9 10 15  3  8 12
 22 24  2  9 18 20 21  1  3  5  7  8 13 15 16 17 23  4 10 11 12 14 19  6
 22 23  1  3  4 10 12 14 20  2  7  9 13 15 17 18 19 21 24  6  8 11 16  5
 23  1  3  4 10 11 13 15 16 17 18 19 22  5  8 14 20 21  2  6  7  9 24 12
 23 24  2  4  5  6 11 12 14 16 17 19 20 21 22  3  8  9 10  7 13 18  1 15
 24  2  4  5  6 12 14 16 18 19 20 21 22 23  1  3  7  9 10 11 15 17  8 13
  8 24  1  3  4  5  6  7 13 15 17 19 20 21 23  2 10 11 12 16 18 22  9 14
  8  9  1  3  5  6  7 15 17 19 20 22 23 24  2  4 10 12 13 14 18 21 11 16
  8  9 11  2  4  5  7 16 18 20 21 23 24  1  3  6 12 13 14 15 19 22 17 10
  8  9 11 13  2  3  5  6  7 18 20 22 23  1  4 12 14 15 16 17 21 24 10 19
  8  9 11 13 15  3  5  6  7 16 19 20 22 24  1  2 10 14 17 21 23  4 12 18
  8  9 11 13 15 17  4  6  7 16 21 23  1  2  3  5 12 14 19 20 22 10 24 18
  8  9 11 13 15 17 19  4  5  7 16 18 20 23  1  2  6 12 14 22 24  3 10 21
  8  9 11 13 15 17 19 21 22  5  6  7 18 20  1  3  4 12 16 23 24  2 14 10
  8  9 11 13 15 17 19 21 22 24  1  6  7 18  2  3  4  5 14 20 23 12 16 10
  1  2  3  4  5  6  7  8  9 10 11 12 13 14 15 16 17 18 19 20 21 22 23 24 25
  1  2  3  4  5  6  7  8  9 10 11 12 13 14 15 16 17 18 19 20 21 22 23 24 25
  2  3  5  6  9 11 12 14 15 18 20 21 23 24  1  4  7  8 16 17 19 25 10 13 22
  1  2  3  4  5  6  7  8  9 10 11 12 13 14 15 16 17 18 19 20 21 22 23 24 25
  5 10 15 20 25  4 24 14  9 19  3 13 18  8 22 23 12  6  7 17 21  1  2 11 16
  2  3  8  9 10 15 16 17 21  4  5  6  7 11 14 18 20 22 23 24  1 12 25 19 13
  3  5  6  7  9 10 14 16 17 19 21 22 24  1  2  8 12 13 20 23 25  4 11 15 18
  4  5  7  9 11 12 16 17 19 21 23 24  2  3  6 10 13 15 18 20 22 25  1  8 14
  8 17  1  6  9 13 18 19 20 22 24  3  4  5  7 10 12 15 16 23 25 21 11 14  2
 10 20  5 15 18 25  3  4  9 14 17  7 13 19 22 23  6 12 24  2  8 16 21  1 11
  5  7  9 18 19 21  4  8 10 13 15 16 20 22  2 11 17 23  1  3 12 14  6 25 24
  9 21  7  8 20 23  6 18 19 22  5 10 11 16 17 25  3 15  1  4 12 13  2 14 24
 12 25 11 13 22  1  2  9 10 15 17 19 24  6  8 14 20 21 23  3  5  7 18  4 16
  3  6  9 12 14 16 17 19  2  5  8 11 13 20 22 24 15 18 23  1  4  7 21 25 10
 10 14  4  7 13 20 23 25  1  2  3  5  6  9 11 15 16 19 22  8 12 18 24 17 21
  5 13 21 22  4 11 12 14 15 18 20 23 24  1  3  6  7 10 16 17  2  9 19  8 25
 17  7  9 12 14 15 16  1  5  6 10 11 13 19 22 24 25  4 21  3 23  8 20  2 18
  4  9 11 14 16 17 18 20 22  3  7 10 13 21  1  2  6  8 12 15 19 23 24 25  5
  1  6  7 11 13 16 17 19 22 24 25  3  4  5  8 15 18 21  9 10 12 20 23  2 14
  9 11  3  4  6  7  8 12 13 14 15 16  1  5 18 19 20 23 25  2 10 17 22 24 21
 10 12 14 15 16 17 18  6  8  9 13 20  1  5 11 24 25  3  7 19 22 23  4 21  2
 19 11 13 15 16 17 18 21  8  9 10 14 24 25  4  6  7 20 22 23  2  3 12  5  1
 19 20 22 12 13 15 16 18 23 10 11 17 21  2  4  7  9 14 25  1  3  6  8  5 24
 20 22 24 14 16 17 19 23  1  7  9 10 11 12 13 15 18 21  5  6  4  3  8  2 25
 20 21 23 25 15 17 18 19 24  2  8 10 12 13 14 16  3  4  6  7  9 11  1  5 22
 21 23 25 16 18 19 20 24  2  3  5  9 10 12 13 14 15 17 22  4  6  8 11  1  7
 21 22 24  1 17 19 20 25  2  3  4  6  7 11 13 14 16 18 23  5  9 10 12 15  8
 22 24  1  3  9 11 19 21  2  5  7  8 12 14 16 17 18 20 25  6 13 23  4 10 15
 22 23 25  2  3  9 10 12 14 20  4  6  7  8 13 15 16 18 19 21  1  5 17 24 11
 23 25  2  3  4  5 10 11 13 15 16 17 18 19 21 22 24  1  9 20  8 14  7 12  6
 23 24  1  3  4  6 11 13 15 17 18 20 21 22 25  5  7  8  9 10 12 19  2 14 16
 24  1  3  4  6  7 12 14 16 18 19 20 21 22 23 25  5  8  9 11 13 17  2 10 15
  8 25  2  4  5  6  7 14 16 18 19 21 22 23 24  3 10 11 12 13 17 20  1  9 15
  8 10  1  3  4  5  6  7 15 17 19 20 21 22 23 24 25  2 11 12 13 14 18  9 16
  8 10 12  1  2  4  5  6  7 16 17 19 21 22 24 25  3 11 13 14 15 20 23  9 18
  8 10 12 14  2  4  5  7 15 18 19 21 23 24 25  3  6 11 13 17 20 22  1  9 16
  8 10 12 14 16  3  5  6  7 15 17 20 22 24 25  1  2  4 11 13 19 21 23 18  9
  8 10 12 14 16 18  3  4  6  7 17 19 21 22 24  1  2  5 11 13 15 20 23 25  9
  8 10 12 14 16 18 20 21  4  6  7 17 23 24  1  2  3 11 15 19 22 25  5 13  9
  8 10 12 14 16 18 20 21 22 23  5  7 17 24  1  3  4  6 13 15 19 25  2 11  9
