35
6
87 95 78 54 28 67
68 34 90 67 90 88
94 100 90 138 0 90
100 81 82 124 87 65
83 65 85 43 87 54
78 87 65 57 65 32
85 109 83 99 100 29
88 94 100 87 56 10
76 72 44 73 45 100
87 93 120 66 118 76
100 81 82 76 16 65
83 65 85 43 87 90
78 87 65 89 65 98 
85 109 35 99 100 87
88 94 100 66 56 67
0 72 18 73 45 6
38 93 120 66 118 17
100 81 82 124 143 74
83 65 85 43 37 65
78 87 65 89 65 101
85 109 83 99 100 98
88 94 120 87 56 67
76 72 35 73 45 120
87 93 120 66 118 84
100 0 82 124 87 66
0 98 100 65 87 87
65 87 143 69 95 54
87 96 70 54 28 93
68 84 90 67 90 80
94 100 90 138 0 61
100 81 82 124 87 97
83 75 85 43 87 55
2  3  5 9 12 0
65 88 76 64 100 74
76 85 54 32 23 45